image: levine.pgm
resolution: 0.010000
origin: [-17.092061, -7.681908, 0.000000]
negate: 0
occupied_thresh: 0.65
free_thresh: 0.196

